Taxa00009	STD_ITSasco05	100.000	225	0	0	1	225	1	225	8.83e-121	416
Taxa00016	STD_ITSasco04	100.000	225	0	0	1	225	1	225	8.83e-121	416
Taxa00019	STD_ITSasco03	100.000	225	0	0	1	225	1	225	8.83e-121	416
Taxa00066	STD_ITSasco02	100.000	225	0	0	1	225	1	225	8.83e-121	416
Taxa00113	STD_ITSasco01	100.000	225	0	0	1	225	1	225	8.83e-121	416
Taxa00220	STD_ITSasco05	99.556	225	1	0	1	225	1	225	4.11e-119	411
Taxa00237	STD_ITSasco03	99.556	225	1	0	1	225	1	225	4.11e-119	411
Taxa00238	STD_ITSasco04	99.556	225	1	0	1	225	1	225	4.11e-119	411
Taxa00248	STD_ITSasco05	99.556	225	1	0	1	225	1	225	4.11e-119	411
Taxa00253	STD_ITSasco04	99.556	225	1	0	1	225	1	225	4.11e-119	411
Taxa00255	STD_ITSasco04	99.556	225	1	0	1	225	1	225	4.11e-119	411
Taxa00256	STD_ITSasco03	99.556	225	1	0	1	225	1	225	4.11e-119	411
Taxa00269	STD_ITSasco03	99.556	225	1	0	1	225	1	225	4.11e-119	411
Taxa00281	STD_ITSasco05	99.556	225	1	0	1	225	1	225	4.11e-119	411
Taxa00291	STD_ITSasco05	99.556	225	1	0	1	225	1	225	4.11e-119	411
Taxa00297	STD_ITSasco02	99.556	225	1	0	1	225	1	225	4.11e-119	411
Taxa00300	STD_ITSasco03	99.556	225	1	0	1	225	1	225	4.11e-119	411
Taxa00318	STD_ITSasco03	99.556	225	1	0	1	225	1	225	4.11e-119	411
Taxa00319	STD_ITSasco02	99.556	225	1	0	1	225	1	225	4.11e-119	411
Taxa00322	STD_ITSasco03	99.556	225	1	0	1	225	1	225	4.11e-119	411
Taxa00327	STD_ITSasco05	99.556	225	1	0	1	225	1	225	4.11e-119	411
Taxa00330	STD_ITSasco04	99.556	225	1	0	1	225	1	225	4.11e-119	411
Taxa00340	STD_ITSasco03	99.556	225	1	0	1	225	1	225	4.11e-119	411
Taxa00342	STD_ITSasco03	99.556	225	1	0	1	225	1	225	4.11e-119	411
Taxa00344	STD_ITSasco02	99.556	225	1	0	1	225	1	225	4.11e-119	411
Taxa00351	STD_ITSasco02	99.556	225	1	0	1	225	1	225	4.11e-119	411
Taxa00352	STD_ITSasco04	99.556	225	1	0	1	225	1	225	4.11e-119	411
Taxa00353	STD_ITSasco04	99.556	225	1	0	1	225	1	225	4.11e-119	411
Taxa00354	STD_ITSasco03	99.556	225	1	0	1	225	1	225	4.11e-119	411
Taxa00360	STD_ITSasco05	99.556	225	1	0	1	225	1	225	4.11e-119	411
Taxa00365	STD_ITSasco05	99.556	225	1	0	1	225	1	225	4.11e-119	411
Taxa00367	STD_ITSasco05	99.556	225	1	0	1	225	1	225	4.11e-119	411
Taxa00368	STD_ITSasco04	99.556	225	1	0	1	225	1	225	4.11e-119	411
Taxa00369	STD_ITSasco05	99.556	225	1	0	1	225	1	225	4.11e-119	411
Taxa00376	STD_ITSasco03	99.556	225	1	0	1	225	1	225	4.11e-119	411
Taxa00381	STD_ITSasco05	99.556	225	1	0	1	225	1	225	4.11e-119	411
Taxa00384	STD_ITSasco05	99.556	225	1	0	1	225	1	225	4.11e-119	411
Taxa00385	STD_ITSasco05	99.556	225	1	0	1	225	1	225	4.11e-119	411
Taxa00391	STD_ITSasco03	99.556	225	1	0	1	225	1	225	4.11e-119	411
Taxa00396	STD_ITSasco03	99.556	225	1	0	1	225	1	225	4.11e-119	411
Taxa00398	STD_ITSasco04	99.556	225	1	0	1	225	1	225	4.11e-119	411
Taxa00399	STD_ITSasco04	99.556	225	1	0	1	225	1	225	4.11e-119	411
Taxa00401	STD_ITSasco04	99.556	225	1	0	1	225	1	225	4.11e-119	411
Taxa00405	STD_ITSasco05	99.556	225	1	0	1	225	1	225	4.11e-119	411
Taxa00408	STD_ITSasco05	99.556	225	1	0	1	225	1	225	4.11e-119	411
Taxa00409	STD_ITSasco05	99.556	225	1	0	1	225	1	225	4.11e-119	411
Taxa00412	STD_ITSasco03	99.556	225	1	0	1	225	1	225	4.11e-119	411
Taxa00416	STD_ITSasco01	99.556	225	1	0	1	225	1	225	4.11e-119	411
Taxa00417	STD_ITSasco02	99.556	225	1	0	1	225	1	225	4.11e-119	411
Taxa00418	STD_ITSasco04	99.556	225	1	0	1	225	1	225	4.11e-119	411
Taxa00419	STD_ITSasco03	99.556	225	1	0	1	225	1	225	4.11e-119	411
Taxa00421	STD_ITSasco05	99.556	225	1	0	1	225	1	225	4.11e-119	411
Taxa00422	STD_ITSasco05	99.556	225	1	0	1	225	1	225	4.11e-119	411
Taxa00427	STD_ITSasco05	99.556	225	1	0	1	225	1	225	4.11e-119	411
Taxa00432	STD_ITSasco05	99.556	225	1	0	1	225	1	225	4.11e-119	411
Taxa00433	STD_ITSasco05	99.556	225	1	0	1	225	1	225	4.11e-119	411
Taxa00438	STD_ITSasco03	99.556	225	1	0	1	225	1	225	4.11e-119	411
Taxa00446	STD_ITSasco05	99.556	225	1	0	1	225	1	225	4.11e-119	411
Taxa00447	STD_ITSasco04	99.556	225	1	0	1	225	1	225	4.11e-119	411
Taxa00448	STD_ITSasco05	99.556	225	1	0	1	225	1	225	4.11e-119	411
Taxa00451	STD_ITSasco05	99.556	225	1	0	1	225	1	225	4.11e-119	411
Taxa00452	STD_ITSasco04	99.556	225	1	0	1	225	1	225	4.11e-119	411
Taxa00456	STD_ITSasco05	99.556	225	1	0	1	225	1	225	4.11e-119	411
Taxa00460	STD_ITSasco05	99.556	225	1	0	1	225	1	225	4.11e-119	411
Taxa00469	STD_ITSasco05	99.556	225	1	0	1	225	1	225	4.11e-119	411
Taxa00472	STD_ITSasco01	99.556	225	1	0	1	225	1	225	4.11e-119	411
Taxa00479	STD_ITSasco03	99.556	225	1	0	1	225	1	225	4.11e-119	411
Taxa00485	STD_ITSasco05	99.556	225	1	0	1	225	1	225	4.11e-119	411
Taxa00488	STD_ITSasco04	99.556	225	1	0	1	225	1	225	4.11e-119	411
Taxa00493	STD_ITSasco05	99.556	225	1	0	1	225	1	225	4.11e-119	411
Taxa00494	STD_ITSasco05	99.556	225	1	0	1	225	1	225	4.11e-119	411
Taxa00501	STD_ITSasco04	99.556	225	1	0	1	225	1	225	4.11e-119	411
Taxa00502	STD_ITSasco03	99.556	225	1	0	1	225	1	225	4.11e-119	411
Taxa00503	STD_ITSasco03	99.556	225	1	0	1	225	1	225	4.11e-119	411
Taxa00505	STD_ITSasco03	99.556	225	1	0	1	225	1	225	4.11e-119	411
Taxa00520	STD_ITSasco05	99.556	225	1	0	1	225	1	225	4.11e-119	411
Taxa00530	STD_ITSasco04	99.556	225	1	0	1	225	1	225	4.11e-119	411
Taxa00536	STD_ITSasco03	99.556	225	1	0	1	225	1	225	4.11e-119	411
Taxa00537	STD_ITSasco04	99.556	225	1	0	1	225	1	225	4.11e-119	411
Taxa00539	STD_ITSasco02	99.556	225	1	0	1	225	1	225	4.11e-119	411
Taxa00540	STD_ITSasco03	99.556	225	1	0	1	225	1	225	4.11e-119	411
Taxa00541	STD_ITSasco04	99.556	225	1	0	1	225	1	225	4.11e-119	411
Taxa00552	STD_ITSasco05	99.556	225	1	0	1	225	1	225	4.11e-119	411
Taxa00553	STD_ITSasco04	99.556	225	1	0	1	225	1	225	4.11e-119	411
Taxa00554	STD_ITSasco03	99.556	225	1	0	1	225	1	225	4.11e-119	411
Taxa00561	STD_ITSasco02	99.556	225	1	0	1	225	1	225	4.11e-119	411
Taxa00562	STD_ITSasco04	99.556	225	1	0	1	225	1	225	4.11e-119	411
Taxa00568	STD_ITSasco05	99.556	225	1	0	1	225	1	225	4.11e-119	411
Taxa00569	STD_ITSasco03	99.556	225	1	0	1	225	1	225	4.11e-119	411
Taxa00573	STD_ITSasco03	99.556	225	1	0	1	225	1	225	4.11e-119	411
Taxa00592	STD_ITSasco04	99.556	225	1	0	1	225	1	225	4.11e-119	411
Taxa00596	STD_ITSasco03	99.556	225	1	0	1	225	1	225	4.11e-119	411
Taxa00613	STD_ITSasco03	99.556	225	1	0	1	225	1	225	4.11e-119	411
Taxa00616	STD_ITSasco04	99.556	225	1	0	1	225	1	225	4.11e-119	411
Taxa00618	STD_ITSasco02	99.556	225	1	0	1	225	1	225	4.11e-119	411
Taxa00621	STD_ITSasco04	99.556	225	1	0	1	225	1	225	4.11e-119	411
Taxa00669	STD_ITSasco03	99.556	225	1	0	1	225	1	225	4.11e-119	411
Taxa00682	STD_ITSasco03	99.556	225	1	0	1	225	1	225	4.11e-119	411
Taxa00709	STD_ITSasco02	99.556	225	1	0	1	225	1	225	4.11e-119	411
Taxa00727	STD_ITSasco01	99.556	225	1	0	1	225	1	225	4.11e-119	411
Taxa00746	STD_ITSasco02	99.556	225	1	0	1	225	1	225	4.11e-119	411
Taxa00747	STD_ITSasco02	99.556	225	1	0	1	225	1	225	4.11e-119	411
Taxa00748	STD_ITSasco01	100.000	224	0	0	1	224	2	225	3.16e-120	414
Taxa00784	STD_ITSasco02	99.556	225	1	0	1	225	1	225	4.11e-119	411
Taxa00787	STD_ITSasco02	99.556	225	1	0	1	225	1	225	4.11e-119	411
Taxa00809	STD_ITSasco04	99.556	225	1	0	1	225	1	225	4.11e-119	411
Taxa00820	STD_ITSasco02	99.556	225	1	0	1	225	1	225	4.11e-119	411
Taxa00828	STD_ITSasco01	99.556	225	1	0	1	225	1	225	4.11e-119	411
Taxa00846	STD_ITSasco02	99.556	225	1	0	1	225	1	225	4.11e-119	411
Taxa00869	STD_ITSasco01	99.556	225	1	0	1	225	1	225	4.11e-119	411
Taxa00923	STD_ITSasco02	99.556	225	1	0	1	225	1	225	4.11e-119	411
Taxa00924	STD_ITSasco02	99.556	225	1	0	1	225	1	225	4.11e-119	411
Taxa00933	STD_ITSasco02	100.000	225	0	0	2	226	1	225	8.87e-121	416
Taxa00935	STD_ITSasco02	99.556	225	1	0	1	225	1	225	4.11e-119	411
Taxa00937	STD_ITSasco01	99.556	225	1	0	1	225	1	225	4.11e-119	411
Taxa00978	STD_ITSasco02	99.556	225	1	0	1	225	1	225	4.11e-119	411
Taxa00988	STD_ITSasco01	99.556	225	1	0	1	225	1	225	4.11e-119	411
Taxa01004	STD_ITSasco02	100.000	224	0	0	1	224	2	225	3.16e-120	414
Taxa01059	STD_ITSasco01	99.556	225	1	0	1	225	1	225	4.11e-119	411
Taxa01118	STD_ITSasco02	99.556	225	1	0	1	225	1	225	4.11e-119	411
Taxa01127	STD_ITSasco02	99.556	225	1	0	1	225	1	225	4.11e-119	411
Taxa01171	STD_ITSasco01	99.556	225	1	0	1	225	1	225	4.11e-119	411
Taxa01205	STD_ITSasco01	99.556	225	1	0	1	225	1	225	4.11e-119	411
Taxa01221	STD_ITSasco02	99.556	225	1	0	1	225	1	225	4.11e-119	411
Taxa01380	STD_ITSasco02	99.556	225	1	0	1	225	1	225	4.11e-119	411
Taxa01420	STD_ITSasco02	99.556	225	1	0	1	225	1	225	4.11e-119	411
Taxa01448	STD_ITSasco01	99.556	225	1	0	1	225	1	225	4.11e-119	411
Taxa01474	STD_ITSasco02	100.000	223	0	0	1	223	1	223	1.14e-119	412
Taxa01592	STD_ITSasco02	99.556	225	1	0	2	226	1	225	4.13e-119	411
Taxa01602	STD_ITSasco01	99.556	225	1	0	1	225	1	225	4.11e-119	411
Taxa01692	STD_ITSasco01	99.556	225	1	0	1	225	1	225	4.11e-119	411
Taxa01703	STD_ITSasco02	99.556	225	1	0	1	225	1	225	4.11e-119	411
Taxa01743	STD_ITSasco01	99.556	225	1	0	1	225	1	225	4.11e-119	411
Taxa01780	STD_ITSasco02	99.556	225	1	0	1	225	1	225	4.11e-119	411
Taxa01853	STD_ITSasco02	99.556	225	1	0	1	225	1	225	4.11e-119	411
Taxa01868	STD_ITSasco02	99.556	225	1	0	1	225	1	225	4.11e-119	411
Taxa01885	STD_ITSasco01	99.556	225	1	0	1	225	1	225	4.11e-119	411
Taxa01894	STD_ITSasco02	99.556	225	1	0	1	225	1	225	4.11e-119	411
Taxa01930	STD_ITSasco02	99.556	225	1	0	1	225	1	225	4.11e-119	411
Taxa02007	STD_ITSasco01	99.556	225	1	0	1	225	1	225	4.11e-119	411
Taxa02168	STD_ITSasco01	99.556	225	1	0	1	225	1	225	4.11e-119	411
Taxa02191	STD_ITSasco01	100.000	224	0	0	1	224	1	224	3.17e-120	414
Taxa02223	STD_ITSasco01	99.556	225	1	0	1	225	1	225	4.11e-119	411
Taxa02270	STD_ITSasco01	99.556	225	1	0	1	225	1	225	4.11e-119	411
Taxa02283	STD_ITSasco02	99.556	225	1	0	1	225	1	225	4.11e-119	411
