Taxa00008	STD_mlCOI01	100.000	313	0	0	1	313	1	313	2.10e-169	579
Taxa00009	STD_mlCOI02	100.000	313	0	0	1	313	1	313	2.10e-169	579
Taxa00038	STD_mlCOI03	100.000	313	0	0	1	313	1	313	2.10e-169	579
Taxa00039	STD_mlCOI04	100.000	313	0	0	1	313	1	313	2.10e-169	579
Taxa00076	STD_mlCOI05	100.000	313	0	0	1	313	1	313	2.10e-169	579
Taxa00226	STD_mlCOI02	99.681	313	1	0	1	313	1	313	9.79e-168	573
Taxa00240	STD_mlCOI02	99.681	313	1	0	1	313	1	313	9.79e-168	573
Taxa00256	STD_mlCOI01	99.681	313	1	0	1	313	1	313	9.79e-168	573
Taxa00270	STD_mlCOI02	99.681	313	1	0	1	313	1	313	9.79e-168	573
Taxa00272	STD_mlCOI01	99.681	313	1	0	1	313	1	313	9.79e-168	573
Taxa00273	STD_mlCOI02	99.681	313	1	0	1	313	1	313	9.79e-168	573
Taxa00287	STD_mlCOI02	99.681	313	1	0	1	313	1	313	9.79e-168	573
Taxa00291	STD_mlCOI01	99.681	313	1	0	1	313	1	313	9.79e-168	573
Taxa00294	STD_mlCOI02	99.681	313	1	0	1	313	1	313	9.79e-168	573
Taxa00296	STD_mlCOI01	99.681	313	1	0	1	313	1	313	9.79e-168	573
Taxa00297	STD_mlCOI02	99.681	313	1	0	1	313	1	313	9.79e-168	573
Taxa00299	STD_mlCOI02	99.681	313	1	0	1	313	1	313	9.79e-168	573
Taxa00305	STD_mlCOI01	99.681	313	1	0	1	313	1	313	9.79e-168	573
Taxa00314	STD_mlCOI04	99.681	313	1	0	1	313	1	313	9.79e-168	573
Taxa00318	STD_mlCOI02	99.681	313	1	0	1	313	1	313	9.79e-168	573
Taxa00323	STD_mlCOI01	99.681	313	1	0	1	313	1	313	9.79e-168	573
Taxa00331	STD_mlCOI02	99.681	313	1	0	1	313	1	313	9.79e-168	573
Taxa00339	STD_mlCOI04	99.681	313	1	0	1	313	1	313	9.79e-168	573
Taxa00340	STD_mlCOI03	99.681	313	1	0	1	313	1	313	9.79e-168	573
Taxa00343	STD_mlCOI01	99.681	313	1	0	1	313	1	313	9.79e-168	573
Taxa00345	STD_mlCOI02	99.681	313	1	0	1	313	1	313	9.79e-168	573
Taxa00346	STD_mlCOI03	99.681	313	1	0	1	313	1	313	9.79e-168	573
Taxa00351	STD_mlCOI02	99.681	313	1	0	1	313	1	313	9.79e-168	573
Taxa00356	STD_mlCOI02	99.681	313	1	0	1	313	1	313	9.79e-168	573
Taxa00359	STD_mlCOI05	99.681	313	1	0	1	313	1	313	9.79e-168	573
Taxa00361	STD_mlCOI01	99.681	313	1	0	1	313	1	313	9.79e-168	573
Taxa00362	STD_mlCOI01	99.681	313	1	0	1	313	1	313	9.79e-168	573
Taxa00364	STD_mlCOI01	99.681	313	1	0	1	313	1	313	9.79e-168	573
Taxa00369	STD_mlCOI02	99.681	313	1	0	1	313	1	313	9.79e-168	573
Taxa00376	STD_mlCOI02	99.681	313	1	0	1	313	1	313	9.79e-168	573
Taxa00377	STD_mlCOI02	99.681	313	1	0	1	313	1	313	9.79e-168	573
Taxa00379	STD_mlCOI02	99.681	313	1	0	1	313	1	313	9.79e-168	573
Taxa00380	STD_mlCOI02	99.681	313	1	0	1	313	1	313	9.79e-168	573
Taxa00381	STD_mlCOI03	99.681	313	1	0	1	313	1	313	9.79e-168	573
Taxa00389	STD_mlCOI02	99.681	313	1	0	1	313	1	313	9.79e-168	573
Taxa00392	STD_mlCOI04	99.681	313	1	0	1	313	1	313	9.79e-168	573
Taxa00397	STD_mlCOI01	99.681	313	1	0	1	313	1	313	9.79e-168	573
Taxa00399	STD_mlCOI02	99.681	313	1	0	1	313	1	313	9.79e-168	573
Taxa00403	STD_mlCOI02	99.681	313	1	0	1	313	1	313	9.79e-168	573
Taxa00407	STD_mlCOI02	99.681	313	1	0	1	313	1	313	9.79e-168	573
Taxa00408	STD_mlCOI02	99.681	313	1	0	1	313	1	313	9.79e-168	573
Taxa00409	STD_mlCOI01	99.681	313	1	0	1	313	1	313	9.79e-168	573
Taxa00410	STD_mlCOI02	99.681	313	1	0	1	313	1	313	9.79e-168	573
Taxa00413	STD_mlCOI01	99.681	313	1	0	1	313	1	313	9.79e-168	573
Taxa00426	STD_mlCOI01	99.681	313	1	0	1	313	1	313	9.79e-168	573
Taxa00428	STD_mlCOI04	99.681	313	1	0	1	313	1	313	9.79e-168	573
Taxa00432	STD_mlCOI01	99.681	313	1	0	1	313	1	313	9.79e-168	573
Taxa00439	STD_mlCOI01	99.681	313	1	0	1	313	1	313	9.79e-168	573
Taxa00441	STD_mlCOI04	99.681	313	1	0	1	313	1	313	9.79e-168	573
Taxa00442	STD_mlCOI01	99.681	313	1	0	1	313	1	313	9.79e-168	573
Taxa00445	STD_mlCOI02	99.681	313	1	0	1	313	1	313	9.79e-168	573
Taxa00450	STD_mlCOI01	99.681	313	1	0	1	313	1	313	9.79e-168	573
Taxa00453	STD_mlCOI03	99.681	313	1	0	1	313	1	313	9.79e-168	573
Taxa00454	STD_mlCOI01	99.681	313	1	0	1	313	1	313	9.79e-168	573
Taxa00455	STD_mlCOI02	99.681	313	1	0	1	313	1	313	9.79e-168	573
Taxa00457	STD_mlCOI02	99.681	313	1	0	1	313	1	313	9.79e-168	573
Taxa00458	STD_mlCOI02	99.681	313	1	0	1	313	1	313	9.79e-168	573
Taxa00461	STD_mlCOI02	99.681	313	1	0	1	313	1	313	9.79e-168	573
Taxa00463	STD_mlCOI02	99.681	313	1	0	1	313	1	313	9.79e-168	573
Taxa00466	STD_mlCOI03	99.681	313	1	0	1	313	1	313	9.79e-168	573
Taxa00467	STD_mlCOI03	99.681	313	1	0	1	313	1	313	9.79e-168	573
Taxa00472	STD_mlCOI01	99.681	313	1	0	1	313	1	313	9.79e-168	573
Taxa00474	STD_mlCOI01	99.681	313	1	0	1	313	1	313	9.79e-168	573
Taxa00475	STD_mlCOI01	99.681	313	1	0	1	313	1	313	9.79e-168	573
Taxa00480	STD_mlCOI03	99.681	313	1	0	1	313	1	313	9.79e-168	573
Taxa00481	STD_mlCOI02	99.681	313	1	0	1	313	1	313	9.79e-168	573
Taxa00482	STD_mlCOI02	99.681	313	1	0	1	313	1	313	9.79e-168	573
Taxa00486	STD_mlCOI01	99.681	313	1	0	1	313	1	313	9.79e-168	573
Taxa00489	STD_mlCOI03	99.681	313	1	0	1	313	1	313	9.79e-168	573
Taxa00490	STD_mlCOI02	99.681	313	1	0	1	313	1	313	9.79e-168	573
Taxa00492	STD_mlCOI02	99.681	313	1	0	1	313	1	313	9.79e-168	573
Taxa00495	STD_mlCOI02	99.681	313	1	0	1	313	1	313	9.79e-168	573
Taxa00497	STD_mlCOI02	99.681	313	1	0	1	313	1	313	9.79e-168	573
Taxa00500	STD_mlCOI03	99.681	313	1	0	1	313	1	313	9.79e-168	573
Taxa00502	STD_mlCOI02	99.681	313	1	0	1	313	1	313	9.79e-168	573
Taxa00503	STD_mlCOI05	99.681	313	1	0	1	313	1	313	9.79e-168	573
Taxa00507	STD_mlCOI03	99.681	313	1	0	1	313	1	313	9.79e-168	573
Taxa00511	STD_mlCOI02	99.681	313	1	0	1	313	1	313	9.79e-168	573
Taxa00521	STD_mlCOI03	99.681	313	1	0	1	313	1	313	9.79e-168	573
Taxa00525	STD_mlCOI02	99.681	313	1	0	1	313	1	313	9.79e-168	573
Taxa00528	STD_mlCOI01	99.681	313	1	0	1	313	1	313	9.79e-168	573
Taxa00531	STD_mlCOI01	99.681	313	1	0	1	313	1	313	9.79e-168	573
Taxa00532	STD_mlCOI02	99.681	313	1	0	1	313	1	313	9.79e-168	573
Taxa00537	STD_mlCOI02	99.681	313	1	0	1	313	1	313	9.79e-168	573
Taxa00539	STD_mlCOI03	99.681	313	1	0	1	313	1	313	9.79e-168	573
Taxa00547	STD_mlCOI03	99.681	313	1	0	1	313	1	313	9.79e-168	573
Taxa00550	STD_mlCOI02	99.681	313	1	0	1	313	1	313	9.79e-168	573
Taxa00553	STD_mlCOI02	99.681	313	1	0	1	313	1	313	9.79e-168	573
Taxa00557	STD_mlCOI01	99.681	313	1	0	1	313	1	313	9.79e-168	573
Taxa00558	STD_mlCOI03	99.681	313	1	0	1	313	1	313	9.79e-168	573
Taxa00562	STD_mlCOI02	99.681	313	1	0	1	313	1	313	9.79e-168	573
Taxa00565	STD_mlCOI02	99.681	313	1	0	1	313	1	313	9.79e-168	573
Taxa00567	STD_mlCOI02	99.681	313	1	0	1	313	1	313	9.79e-168	573
Taxa00568	STD_mlCOI02	99.681	313	1	0	1	313	1	313	9.79e-168	573
Taxa00569	STD_mlCOI02	99.681	313	1	0	1	313	1	313	9.79e-168	573
Taxa00572	STD_mlCOI01	99.681	313	1	0	1	313	1	313	9.79e-168	573
Taxa00573	STD_mlCOI01	99.681	313	1	0	1	313	1	313	9.79e-168	573
Taxa00574	STD_mlCOI01	99.681	313	1	0	1	313	1	313	9.79e-168	573
Taxa00576	STD_mlCOI05	99.681	313	1	0	1	313	1	313	9.79e-168	573
Taxa00580	STD_mlCOI02	99.681	313	1	0	1	313	1	313	9.79e-168	573
Taxa00589	STD_mlCOI03	99.681	313	1	0	1	313	1	313	9.79e-168	573
Taxa00593	STD_mlCOI04	99.681	313	1	0	1	313	1	313	9.79e-168	573
Taxa00601	STD_mlCOI02	99.681	313	1	0	1	313	1	313	9.79e-168	573
Taxa00603	STD_mlCOI02	99.681	313	1	0	1	313	1	313	9.79e-168	573
Taxa00605	STD_mlCOI03	99.681	313	1	0	1	313	1	313	9.79e-168	573
Taxa00606	STD_mlCOI03	99.681	313	1	0	1	313	1	313	9.79e-168	573
Taxa00607	STD_mlCOI03	99.681	313	1	0	1	313	1	313	9.79e-168	573
Taxa00608	STD_mlCOI04	99.681	313	1	0	1	313	1	313	9.79e-168	573
Taxa00609	STD_mlCOI02	99.681	313	1	0	1	313	1	313	9.79e-168	573
Taxa00613	STD_mlCOI02	99.681	313	1	0	1	313	1	313	9.79e-168	573
Taxa00616	STD_mlCOI02	99.681	313	1	0	1	313	1	313	9.79e-168	573
Taxa00625	STD_mlCOI03	99.681	313	1	0	1	313	1	313	9.79e-168	573
Taxa00627	STD_mlCOI03	99.681	313	1	0	1	313	1	313	9.79e-168	573
Taxa00629	STD_mlCOI04	99.681	313	1	0	1	313	1	313	9.79e-168	573
Taxa00638	STD_mlCOI02	99.681	313	1	0	1	313	1	313	9.79e-168	573
Taxa00649	STD_mlCOI02	99.681	313	1	0	1	313	1	313	9.79e-168	573
Taxa00650	STD_mlCOI03	99.681	313	1	0	1	313	1	313	9.79e-168	573
Taxa00653	STD_mlCOI02	99.681	313	1	0	1	313	1	313	9.79e-168	573
Taxa00657	STD_mlCOI01	99.681	313	1	0	1	313	1	313	9.79e-168	573
Taxa00659	STD_mlCOI02	99.681	313	1	0	1	313	1	313	9.79e-168	573
Taxa00661	STD_mlCOI02	99.681	313	1	0	1	313	1	313	9.79e-168	573
Taxa00662	STD_mlCOI03	99.681	313	1	0	1	313	1	313	9.79e-168	573
Taxa00663	STD_mlCOI03	99.681	313	1	0	1	313	1	313	9.79e-168	573
Taxa00671	STD_mlCOI02	99.681	313	1	0	1	313	1	313	9.79e-168	573
Taxa00672	STD_mlCOI03	99.681	313	1	0	1	313	1	313	9.79e-168	573
Taxa00675	STD_mlCOI02	99.681	313	1	0	1	313	1	313	9.79e-168	573
Taxa00676	STD_mlCOI05	99.681	313	1	0	1	313	1	313	9.79e-168	573
Taxa00685	STD_mlCOI02	99.681	313	1	0	1	313	1	313	9.79e-168	573
Taxa00686	STD_mlCOI02	99.681	313	1	0	1	313	1	313	9.79e-168	573
Taxa00688	STD_mlCOI03	99.681	313	1	0	1	313	1	313	9.79e-168	573
Taxa00689	STD_mlCOI04	99.681	313	1	0	1	313	1	313	9.79e-168	573
Taxa00694	STD_mlCOI03	99.681	313	1	0	1	313	1	313	9.79e-168	573
Taxa00700	STD_mlCOI03	99.681	313	1	0	1	313	1	313	9.79e-168	573
Taxa00710	STD_mlCOI01	99.681	313	1	0	1	313	1	313	9.79e-168	573
Taxa00723	STD_mlCOI02	99.681	313	1	0	1	313	1	313	9.79e-168	573
Taxa00732	STD_mlCOI04	99.681	313	1	0	1	313	1	313	9.79e-168	573
Taxa00744	STD_mlCOI03	99.681	313	1	0	1	313	1	313	9.79e-168	573
Taxa00751	STD_mlCOI03	99.681	313	1	0	1	313	1	313	9.79e-168	573
Taxa00753	STD_mlCOI03	99.681	313	1	0	1	313	1	313	9.79e-168	573
Taxa00762	STD_mlCOI03	99.681	313	1	0	1	313	1	313	9.79e-168	573
Taxa00765	STD_mlCOI05	99.681	313	1	0	1	313	1	313	9.79e-168	573
Taxa00772	STD_mlCOI03	99.681	313	1	0	1	313	1	313	9.79e-168	573
Taxa00813	STD_mlCOI04	99.681	313	1	0	1	313	1	313	9.79e-168	573
Taxa00822	STD_mlCOI05	99.681	313	1	0	1	313	1	313	9.79e-168	573
Taxa00835	STD_mlCOI03	99.681	313	1	0	1	313	1	313	9.79e-168	573
Taxa00859	STD_mlCOI04	99.681	313	1	0	1	313	1	313	9.79e-168	573
Taxa00861	STD_mlCOI05	99.681	313	1	0	1	313	1	313	9.79e-168	573
Taxa00875	STD_mlCOI04	99.681	313	1	0	1	313	1	313	9.79e-168	573
Taxa00892	STD_mlCOI03	99.682	314	0	1	1	314	1	313	9.82e-168	573
Taxa00895	STD_mlCOI04	99.681	313	1	0	1	313	1	313	9.79e-168	573
Taxa00900	STD_mlCOI04	99.681	313	1	0	1	313	1	313	9.79e-168	573
Taxa00928	STD_mlCOI03	99.681	313	1	0	1	313	1	313	9.79e-168	573
Taxa01003	STD_mlCOI03	99.681	313	1	0	1	313	1	313	9.79e-168	573
Taxa01063	STD_mlCOI05	99.681	313	1	0	1	313	1	313	9.79e-168	573
Taxa01087	STD_mlCOI05	99.681	313	1	0	1	313	1	313	9.79e-168	573
Taxa01126	STD_mlCOI04	99.682	314	0	1	1	314	1	313	9.82e-168	573
Taxa01162	STD_mlCOI05	99.681	313	1	0	1	313	1	313	9.79e-168	573
Taxa01270	STD_mlCOI05	99.681	313	1	0	1	313	1	313	9.79e-168	573
